[one-large.jpeg]
filters=warm=1;
moddate=000049a01fd10000
width=197
height=255
textactive=0
[two-large.jpeg]
filters=warm=1;sat=1,0.161800;
moddate=000082a01fd10000
width=274
height=184
textactive=0
[three-large.jpg]
filters=warm=1;sat=1,0.161800;
moddate=0000bba01fd10000
width=747
height=378
textactive=0
